function pop=startPop
    
    
    pop(1,:)=[4.5 0.5 1.5 0.5 ...
        1.1 2.2 2.4 1.1  14  14  14  14 ...
        3.1  14  14  14  14  14  14  14 ...
        0.1 0.2 0.4  11  14  14  14  14 ...
        9.0 0.2 0.4 1.1 0.1  14  14  14 ...
        3.6  14  14  14  14  14  14  14 ... 
        1.2  10 8.8 1.2  14  14  14  14 ...
        14*ones(1,2*8) 0.0294];
     
    pop(2,:)=[1.5 0.5 1.5 0.5 ...
        9.0 0.2 0.4 1.1 0.2 0.4 9.0  14 ...
        0.1  14  14  14  14  14  14  14 ...
        14*ones(1,6*8) 0.0234];

    pop(3,:)=[0.5 1.5 0.5 1.5 ...
        1.1 0.2 0.4 1.1  14  14  14  14 ...
        0.1  14  14  14  14  14  14  14 ...
        14*ones(1,6*8) 0.0139];

    pop(4,:)=[0.5 1.5 0.5 1.5 ...
        1.1 0.4 8.3 0.2 1.1  14  14  14 ...
        0.1  14  14  14  14  14  14  14 ...
        14*ones(1,6*8) 0.0173];

    pop(5,:)=[1.5 0.5 1.5 0.5 ...
        0.1  10 0.1  14  14  14  14  14 ... 
        8.1  14  14  14  14  14  14  14 ... 
        14*ones(1,6*8) 0.0034];
    
    pop(6,:)=[1.5 0.5 1.5 0.5 ...
        2.1  10 2.1  14  14  14  14  14 ... 
        8.1  14  14  14  14  14  14  14 ... 
        0.1  14  14  14  14  14  14  14 ... 
        14*ones(1,5*8) 0.1554];

    pop(7,:)=[1.5 0.5 1.5 0.5 ...
        2.1  10 2.1  14  14  14  14  14 ... 
        8.1  14  14  14  14  14  14  14 ... 
        0.1  14  14  14  14  14  14  14 ... 
        14*ones(1,5*8) 0.1554];

end     